# id	left	top	right	bottom	texture_id
[SPRITES]
#bg
-10000	0	194	265	241	-10

# power arrow black and white
-10100	91	162	98	169	-10
-10101	64	162	71	169	-10

#power p black and white
-10110	100	162	115	169	-10
-10111	73	162	88	169	-10

# number
-10200	77	31	86	38	-10
-10201	87	31	96	38	-10
-10202	97	31	106	38	-10
-10203	107	31	116	38	-10
-10204	117	31	126	38	-10
-10205	127	31	136	38	-10
-10206	137	31	146	38	-10
-10207	147	31	156	38	-10
-10208	157	31	166	38	-10
-10209	167	31	176	38	-10

# ani_id	sprite1_id	time1	sprite2_id	time2	...
[ANIMATIONS]
-10100	-10111	300	-10110	300