# id	left	top	right	bottom	texture_id
[SPRITES]
# LEFT BOTTOM
80000	1	1	16	32	11
80001	18	1	33	32	11

# green 

80010	1	35	16	58	11
80011	18	35	33	58	11

# LEFT TOP
81000	35	1	50	32	11
81001	52	1	67	32	11

# green 
81010	35	35	50	58	11
81011	52	35	67	58	11

# RIGHT TOP
82000	69	1	84	32	11
82001	86	1	101	32	11

# green 
82010	69	35	84	58	11
82011	86	35	101	58	11

# RIGHT BOTTOM
83000	103	1	118	32	11
83001	120	1	135	32	11

# green 
83010	103	35	118	58	11
83011	120	35	135	58	11

# PIPE

84000	292	204	325	253	10

# BULLET
88000	321	453	328	462	13
88001	337	453	344	462	13
88002	351	453	358	462	13
88003	367	453	374	462	13

# SMALL
87000	866	229	881	252	13
87001	883	229	898	252	13
#pipe
87009	292	204	325	235	10

#die
89000	559	21	574	52	20
89001	559	21	574	44	20


# ani_id	sprite1_id	time1	sprite2_id	time2	...
[ANIMATIONS]
# First: ani, second: shoting
# LEFT BOTTOM
80000	80000	150	80001	150
80001	80000	100

#green
80010	80010	150	80011	150
80011	80010	100

# LEFT TOP
81000	81000	150	81001	150
81001	81000	100

#green
81010	81010	150	81011	150
81011	81010	100

# RIGHT TOP
82000	82000	150	82001	150
82001	82001	100
#green
82010	82010	150	82011	150
82011	82011	100

# RIGHT BOTTOM
83000	83000	150	83001	150
83001	83001	100
# green
83010	83010	150	83011	150
83011	83011	100

# BULLET
88000	88000	100	88001	100	88002	100	88003	100

# PIPE
84000	84000	100

#SMALL
87000	87000	100	87001	100
87009	87009	1000

#DIE
89000	89000	1000
89001	89001	1000