# id	left	top	right	bottom	texture_id
[SPRITES]
#WALK
31001	4	13	23	30	10
31002	24	13	43	30	10

#DIE
32001	44	19	63	32	10

##### PRO #####

#WALK
33000	104	70	119	85	15
33001	125	70	140	85	15

#WALK PRO
33100	116	35	135	66	15
33101	140	35	159	66	15

#DIE
33200	145	77	160	86	15

# FLYING
33300	66	35	85	68	15
33301	140	35	159	68	15
33302	90	35	109	68	15
33303	116	35	135	68	15


# ani_id	sprite1_id	time1	sprite2_id	time2	...
[ANIMATIONS]
5000	31001	100	31002	100
5001	32001	100

#### PRO #####
# Walk
50000	33000	100	33001	100
# Walk pro
50003	33100	100	33101	100
# Die
50001	33200	100
# Flying
50002	33300	100	33301	100	33302	100	33303	100