# id	left	top	right	bottom	texture_id
[SPRITES]
####### RED
#WALK RIGHT
33300	603	193	618	220	13
33301	620	193	635	220	13

# WALK LEFT

33302	524	193	539	220	13
33303	541	193	556	220	13

#SLEEP
33310	603	239	618	254	13
33311	620	239	635	254	13
33312	637	239	652	254	13
33313	654	239	669	254	13

33314	603	222	618	237	13
33315	620	222	635	237	13
33316	637	222	652	237	13
33317	654	222	669	237	13

###### GREEN
#WALK RIGHT
33400	403	345	418	372	13
33401	420	345	435	372	13

# WALK LEFT

33402	317	345	332	372	13
33403	334	345	349	372	13

#SLEEP
33410	403	374	418	389	13
33411	420	374	435	389	13
33412	437	374	452	389	13
33413	454	374	469	389	13

33414	403	391	418	406	13
33415	420	391	435	406	13
33416	437	391	452	406	13
33417	454	391	469	406	13

###### GREEN FLY
#WALK RIGHT
33500	403	409	418	436	13
33501	420	409	435	436	13
33502	437	409	452	436	13
33503	454	409	469	436	13

# WALK LEFT
33504	317	409	332	436	13
33505	334	409	349	436	13
33506	351	409	366	436	13
33507	368	409	383	436	13


# ani_id	sprite1_id	time1	sprite2_id	time2	...
[ANIMATIONS]
##### RED
#WALK RIGHT AND LEFT
30000	33300	200	33301	200
30001	33302	200	33303	200

# SLEEP
30002	33310	100
30003	33310	100	33311	100	33312	100	33313	100
30004	33314	100
30005	33314	100	33315	100	33316	100	33317	100

##### GREEN
#WALK RIGHT AND LEFT
31000	33400	200	33401	200
31001	33402	200	33403	200

# SLEEP
31002	33410	100
31003	33410	100	33411	100	33412	100	33413	100
31004	33414	100
31005	33414	100	33415	100	33416	100	33417	100

##### GREEN FLY
#WALK RIGHT AND LEFT
32000	33500	100	33501	100	33502	100	33503	200
32001	33504	100	33505	100	33506	100	33507	200
