# id	left	top	right	bottom	texture_id
[SPRITES]
#####BIG ###############
#IDLE
11121	1	181	32	210	1
11111	1	181	32	210	2

#WALKING RIGHT
11222	108	181	139	210	1
11223	141	181	172	210	1

#WALKING LEFT
11212	108	181	139	210	2
11213	141	181	172	210	2

#RUNNING RIGHT
11321	211	181	242	210	1
11322	244	181	275	210	1
11325	277	181	308	210	1

#RUNNING LEFT
11311	211	181	242	210	2
11312	244	181	275	210	2
11313	277	181	308	210	2

#JUMP WALK
11410	351	181	382	210	1
11411	351	181	382	210	2

#FALLING
11412	384	181	415	210	1
11413	384	181	415	210	2

#JUMP RUN RIGHT & LEFT
11420	421	181	452	210	1
11421	421	181	452	210	2

#SIT RIGHT & LEFT 
11521	38	189	69	210	1
11511	38	189	69	210	2

#BRACE RIGHT & LEFT 
11621	314	181	345	210	1
11611	314	181	345	210	2

#DIE
13001	875	24	906	39	1

## CARRY
# right: idle, run, run
110001	1	296	32	325	1
110002	38	296	69	325	1
110003	71	296	102	325	1
# left: idle, run, jump
110004	1	296	32	325	2
110005	38	296	69	325	2
110006	71	296	102	325	2

############ CAT ################
#IDLE
13121	1	705	32	738	1
13111	1	705	32	738	2

#WALKING RIGHT
13222	211	705	242	738	1
13223	244	705	275	738	1

#WALKING LEFT
13212	211	705	242	738	2
13213	244	705	275	738	2

#RUNNING RIGHT
13321	314	705	345	738	1
13322	347	705	378	738	1
13325	380	705	411	738	1

#RUNNING LEFT
13311	314	705	345	738	2
13312	347	705	378	738	2
13313	380	705	411	738	2

#JUMP WALK RIGHT & LEFT
13410	454	705	485	738	1
13411	454	705	485	738	2

#FALLING
13412	487	705	518	738	1
13413	487	705	518	738	2

#SLOW FALLING RIGHT
13810	524	705	555	738	1
13811	557	705	588	738	1
13812	590	705	621	738	1

#SLOW FALLING LEFT
13820	524	705	555	738	2
13821	557	705	588	738	2
13822	590	705	621	738	2

#JUMP RUN RIGHT & LEFT
13427	627	705	658	738	1
13423	627	705	658	738	2

#SIT RIGHT & LEFT 
13521	38	715	69	738	1
13511	38	715	69	738	2

#BRACE RIGHT & LEFT 
13621	417	705	448	738	1
13611	417	705	448	738	2

# FLYING RIGHT AND LEFT
13700	697	705	728	738	1
13701	730	705	761	738	1
13702	763	705	794	738	1

13710	697	705	728	738	2
13711	730	705	761	738	2
13712	763	705	794	738	2

#ATTACK
13900	384	751	415	780	1
13901	417	751	448	780	1
13902	450	751	481	780	1
13903	483	751	514	780	1

13910	384	751	415	780	2
13911	417	751	448	780	2
13912	450	751	481	780	2
13913	483	751	514	780	2

############ SMALL ################
#IDLE
12121	1	24	32	39	1
12111	1	24	32	39	2

#WALK RIGHT
12222	108	24	139	39	1
12223	141	24	172	39	1

#WALK LEFT
12212	108	24	139	39	2
12213	141	24	172	39	2

#RUN RIGHT
12321	178	24	209	39	1
12322	211	24	242	39	1

#RUN LEFT
12311	178	24	209	39	2
12312	211	24	242	39	2

#BRACE RIGHT & LEFT
12511	248	24	279	39	1
12521	248	24	279	39	2

#JUMP WALK RIGHT & LEFT 
12413	285	24	316	39	2
12417	285	24	316	39	1

#JUMP RUN RIGHT & LEFT 
12423	355	24	386	39	2
12427	355	24	386	39	1

#CARRY ALL
# right
120001	1	108	32	123	1
120002	71	108	102	123	1

#left
120003	1	108	32	123	2
120004	71	108	102	123	2

#####################################
# ani_id	sprite1_id	time1	sprite2_id	time2	...
[ANIMATIONS]
400	11121	100
401	11111	100

#WALKING RIGHT & LEFT 
500	11121	100	11222	100	11223	100
501	11111	100	11212	100	11213	100

#RUNNING RIGHT & LEFT
600	11321	60	11322	60	11325	60
601	11311	60	11312	60	11313	60

#JUMP WALK
700	11410	100
701	11411	100

#FALLING
702	11412	100
703	11413	100

#JUMP RUN
800	11420	100
801	11421	100

#SIT RIGHT & LEFT 
900	11521	100
901	11511	100

#BRACE RIGHT & LEFT 
1000	11621	100
1001	11611	100

#DIE
999	13001	100

########### CAT #####################
1700	13121	100
1701	13111	100

#WALKING RIGHT & LEFT 
1800	13121	100	13222	100	13223	100
1801	13111	100	13212	100	13213	100

#RUNNING RIGHT & LEFT
1900	13321	60	13322	60	13325	60
1901	13311	60	13312	60	13313	60

#JUMP WALK
2000	13410	100
2001	13411	100

#FALLING
2002	13412	100
2003	13413	100

#SLOW FALLING
2701	13810	60	13811	60	13812	60	13811	60
2702	13820	60	13821	60	13822	60	13821	60

#JUMP RUN
2100	13427	100
2101	13423	100

#SIT RIGHT & LEFT 
2200	13521	100
2201	13511	100

#BRACE RIGHT & LEFT 
2300	13621	100
2301	13611	100

#FLYING RIGHT & LEFT
2400	13700	60	13701	60	13702	60
2401	13710	60	13711	60	13712	60

#ACTTACK RIGHT & LEFT
2600	13901	100
2601	13911	100

################### SMALL #################
1100	12121	100
1102	12111	100

#WALK 
1200	12222	100	12223	100
1201	12212	100	12213	100

#RUN
1300	12321	60	12322	60
1301	12311	60	12312	60

#BRACE LEFT & RIGHT
1401	12511	100
1400	12521	100

#JUMP WALK
1500	12417	100
1501	12413	100

#JUMP RUN 
1601	12423	100
1600	12427	100

####### CARRY #####
## SMALL
# IDLE, BRACE
3000	120001	1000
3001	120003	1000
# WALK
3100	120001	100	120002	100
3101	120003	100	120004	100
# RUN
3200	120001	60	120002	60
3201	120003	60	120004	60
#JUMP, FALL
3300	120002	1000
3301	120004	1000

## BIG
# IDLE, BRACE
4000	110001	1000
4001	110004	1000
# WALK
4100	110001	100	110002	100	110003	100
4101	110004	100	110005	100	110006	100
# RUN
4200	110001	60	110002	60	110003	60
4201	110004	60	110005	60	110006	60
# JUMP, FALL
4300	110003	1000
4301	110006	1000