# list of object assets to load in this scene
[ASSETS]
data\mario.txt
data\brick.txt
data\goomba.txt
data\question_box.txt
data\coin.txt
data\mushroom.txt
data\koopa.txt
data\chomper.txt
data\bottom_bar.txt
data\light_brick.txt

[MAP]
data\map01.txt

[CAMERA]
#x y offsetLeft...  limmitLeft... centerOffsetX centerOffsetY
0	0	20	60	20	10	0	0	2816	480	0	40

[INFOR]
#tile_size	marginScreen	saveFile
16	80	data\save_map01.txt

#
[OBJECTS]
# type	x	y	extra_settings per object type
# type: 0 = Mario , 1 = Brick, 2 = Goomba, 3 = Koopas, 4 Question box
# See OBJECT_TYPE constants in AssetIDs.h

# MARIO
#0	48	400
0	1900	200

# GOOMBA
2	256	400
2	536	405

2	872	376
2	936	376
20001	1032	376

# CHOMPER
8	368	400

# KOOPA
3	568	360	1
#3	256	400	2
3	300	400	3
3	1344	304	3
3	1400	304	3
3	1440	304	3
3	1496	400	2
3	2104	368	1

# QUESTION BOX
60001	184	360
60001	200	360
60001	232	312
60001	424	328
60001	712	360
60002	248	312
60002	663	392
60002	1448	136

# COIN
4	1080	328
4	1112	296
4	1144	264
4	1176	232
4	1208	200
4	1336	88
4	1352	88
4	1368	88
4	1480	120
4	1496	120
4	1544	136
4	1560	136
4	1576	136
4	1592	136
4	1624	120
4	1640	120
4	1656	120
4	1672	120
4	1704	152
4	1736	120
4	1768	136
4	1816	104
4	1848	136

# LIGHT BRICK
#20	10	22	100
#20	9	22	100
#20	8	22	100

20	124	23	100
20	125	23	100
20	126	23	100
20	127	23	200

20	123	24	100
20	124	24	100
20	125	24	100
20	126	24	100
20	127	24	100

20	122	25	100
20	123	25	100
20	124	25	100
20	125	25	100
20	126	25	100
20	127	25	100	1
20	128	25	100

20	131	24	300
20	131	25	100
20	132	25	100

# HIDDEN BLOCK
#	lCell	tCell	rCell	bCell	lBlock	tBlock	rBlock	bBlock
# Goomba
-4	41	20	41	23	1	1	1	1
-4	65	20	65	24	1	1	1	1

# Koopa
-3	31	23	31	23	1	1	1	1
-3	38	23	38	23	1	1	1	1

-3	130	23	130	23	1	1	1	1
-3	132	23	132	23	1	1	1	1
# Limit
-2	0	0	0	25	1	1	1	1
# Ground
-1	0	26	38	26	1	1	1	1
-1	39	25	67	26	1	1	1	1

-1	72	26	93	26	1	1	1	1
-1	96	26	100	26	1	1	1	1
-1	104	26	139	26	1	1	1	1
-1	141	26	175	26	1	1	1	1

# brick wood
-1	94	21	95	21	1	1	1	1

-1	98	25	100	25	1	1	1	1
-1	99	24	100	24	1	1	1	1
-1	100	23	100	23	1	1	1	1

-1	104	25	106	25	1	1	1	1
-1	104	24	105	24	1	1	1	1
-1	104	23	104	23	1	1	1	1

# temp
-1	131	24	131	24	1	1	1	1

# Cloud
-1	88	12	91	12	0	1	0	0
-1	93	11	105	11	0	1	0	0

#pipe
-1	22	23	23	25	1	1	1	1
-1	112	24	113	25	1	1	1	1
-1	116	23	117	25	1	1	1	1
-1	141	23	142	25	1	1	1	1
-1	141	7	142	19	1	1	1	1
-1	145	24	146	25	1	1	1	1

# Question box
-1	11	22	12	22	1	1	1	1
-1	14	19	15	19	1	1	1	1
-1	26	20	26	20	1	1	1	1
-1	41	24	41	24	1	1	1	1
-1	44	22	44	22	1	1	1	1
-1	90	8	90	8	1	1	1	1
#box top
-1	15	23	17	23	0	1	0	0
-1	17	21	19	21	0	1	0	0
-1	25	23	29	23	0	1	0	0
-1	29	21	32	21	0	1	0	0
-1	32	19	35	19	0	1	0	0
-1	32	24	37	24	0	1	0	0

-1	79	24	85	24	0	1	0	0
-1	81	22	87	22	0	1	0	0
-1	83	20	89	20	0	1	0	0
-1	82	9	85	9	0	1	0	0

-1	134	23	136	23	0	1	0	0
-1	136	17	138	17	0	1	0	0

# die
-5	10	30	175	30	0	0	0	0

[UIS]
-10


